Walls
0 28
0 27
1 28
1 27
2 28
2 27
3 28
3 27
4 28
4 27
5 28
5 27
6 28
6 27
7 28
7 27
8 28
8 27
9 28
9 27
10 28
10 27
11 28
11 27
12 28
12 27
13 28
13 27
14 28
14 27
15 28
15 27
16 28
16 27
17 28
17 27
18 28
18 27
19 28
19 27
20 28
20 27
21 27
22 27
23 27
31 27
32 27
33 27
35 28
36 28
37 28
38 28
38 27
39 28
39 27
40 28
40 27
41 28
41 27
42 28
42 27
43 28
43 27
44 28
44 27
45 28
45 27
46 28
46 27
47 28
47 27
48 28
48 27
49 28
49 27
0 0
0 1
0 2
0 3
0 4
0 5
0 6
0 7
0 8
0 9
0 10
0 11
0 12
0 13
0 14
0 15
0 16
0 17
0 18
0 19
0 20
0 21
0 25
0 26
0 27
1 27
49 0
49 1
49 2
49 3
49 4
49 5
49 6
49 7
49 8
49 9
49 10
49 11
49 12
49 13
49 14
49 15
49 16
49 17
49 18
49 19
49 20
49 21
49 25
49 26
49 27
48 27
35 27
36 27
49 23
49 22
49 24
22 28
21 28
23 28
24 28
25 28
26 28
27 28
28 28
29 28
30 28
31 28
32 28
33 28
34 28
37 27
34 27
30 27
29 27
28 27
27 27
26 27
25 27
24 27
0 22
0 23
0 24
48 0
47 0
46 0
45 0
44 0
43 0
42 0
41 0
40 0
39 0
38 0
37 0
36 0
35 0
34 0
33 0
32 0
31 0
30 0
29 0
28 0
27 0
26 0
25 0
24 0
23 0
22 0
21 0
20 0
19 0
18 0
17 0
16 0
15 0
14 0
13 0
12 0
11 0
10 0
9 0
8 0
7 0
6 0
5 0
4 0
3 0
2 0
1 0
1 22
1 23
2 23
1 24
1 25
1 26
2 26
2 25
2 24
2 22
3 22
4 22
5 22
6 22
5 23
4 23
3 23
3 25
4 25
5 25
4 26
5 26
6 25
6 23
6 26
3 26
9 26
10 26
11 26
11 25
10 25
9 25
8 25
7 25
7 24
8 24
8 23
8 26
9 24
7 23
8 22
7 22
7 26
9 23
10 24
10 23
10 22
9 22
11 23
11 24
11 22
14 19
15 19
16 19
17 19
18 19
19 19
23 16
24 16
25 16
26 16
27 16
28 16
29 16
34 12
35 12
36 12
37 12
38 12
39 12
12 22
12 23
12 24
13 24
13 23
14 24
15 24
15 25
16 25
17 25
17 26
18 26
16 26
15 26
14 26
13 26
12 26
12 25
14 25
39 11
29 14
19 18
19 17
29 15
39 10
1 2
2 2
3 2
2 3
3 3
1 4
1 5
2 5
2 4
1 3
3 5
3 4
4 4
5 4
6 4
7 4
8 4
9 4
10 4
11 4
12 4
13 4
13 3
14 3
15 3
16 3
17 3
17 4
18 4
19 4
20 4
20 5
21 5
22 5
23 5
23 6
24 6
25 6
25 7
26 7
27 7
28 7
28 8
29 8
30 8
30 9
31 9
32 9
34 11
39 26
40 26
40 25
41 25
42 25
43 25
44 25
44 24
45 24
46 24
47 24
48 24
46 25
45 25
41 26
42 26
43 26
44 26
45 26
46 26
47 26
47 25
48 25
48 26
41 1
41 2
42 2
42 3
43 3
44 3
45 3
46 3
47 3
47 4
48 4
48 3
48 2
48 1
47 1
46 1
43 1
42 1
43 2
44 2
45 2
46 2
47 2
45 1
44 1
48 13
47 13
46 13
45 13
44 13
43 13
42 13
41 13
39 16
38 16
37 16
37 17
37 18
36 18
36 19
35 19
34 19
34 20
33 20
32 20
31 20
28 23
27 23
26 23
29 23
29 22
29 21
24 26
24 25
23 26
25 26
12 21
12 20
30 14
31 14
32 14
32 13
33 13
33 12
30 15
31 15
32 15
33 14
34 14
34 13
35 13
36 13
37 13
38 13
39 13
41 14
41 15
40 15
40 16
38 17
38 18
37 19
35 20
34 21
33 21
32 21
31 21
29 24
28 24
27 24
26 24
14 20
15 20
16 20
17 20
18 20
19 20
23 17
24 17
25 17
26 17
27 17
28 17
29 17
30 17
30 16
29 9
28 9
27 8
26 8
25 8
24 7
23 7
22 6
21 6
20 6
19 5
18 5
17 5
16 4
15 4
14 4
13 5
12 5
11 5
10 5
9 5
8 5
7 5
6 5
5 5
4 5
48 14
47 14
46 14
45 14
44 14
43 14
42 14
42 15
41 16
40 17
39 17
42 16
43 15
44 15
47 15
46 15
45 15
48 15
48 16
48 17
47 16
3 6
2 6
2 7
1 7
1 8
1 6
4 6
3 7
2 8
1 9
3 8
4 7
5 6
13 22
14 23
Ennemies
5 3
9 3
8 21
16 18
26 15
16 2
45 12
36 11
4 24
45 23
29 26
20 26
6 3
Player
1 21
